       Var1 Freq     X  Freq.X       X2  Freq.X2
1 (56,76.5]   61 66.25 4041.25 4389.062 267732.8
2 (76.5,97]   92 86.75 7981.00 7525.562 692351.8
[1] "Mean:  78.5767973856209"
[1] "Variance:  100.749412619077"
[1] "Standard Deviation:  10.0374006903718"

         Var1 Freq     X Freq.X       X2  Freq.X2
1   (56,69.7]   32 62.85 2011.2 3950.123 126403.9
2 (69.7,83.3]   77 76.50 5890.5 5852.250 450623.2
3   (83.3,97]   44 90.15 3966.6 8127.023 357589.0
[1] "Mean:  77.5705882352941"
[1] "Variance:  91.406193771626"
[1] "Standard Deviation:  9.56065864737498"

         Var1 Freq     X  Freq.X       X2   Freq.X2
1   (56,66.2]   21 61.10 1283.10 3733.210  78397.41
2 (66.2,76.5]   40 71.35 2854.00 5090.822 203632.90
3 (76.5,86.8]   65 81.65 5307.25 6666.723 433336.96
4   (86.8,97]   27 91.90 2481.30 8445.610 228031.47
[1] "Mean:  77.9454248366013"
[1] "Variance:  90.515599982913"
[1] "Standard Deviation:  9.51396867678852"

         Var1 Freq    X Freq.X      X2   Freq.X2
1   (56,64.2]   16 60.1  961.6 3612.01  57792.16
2 (64.2,72.4]   23 68.3 1570.9 4664.89 107292.47
3 (72.4,80.6]   46 76.5 3519.0 5852.25 269203.50
4 (80.6,88.8]   49 84.7 4150.3 7174.09 351530.41
5   (88.8,97]   19 92.9 1765.1 8630.41 163977.79
[1] "Mean:  78.2150326797386"
[1] "Variance:  90.2278132342271"
[1] "Standard Deviation:  9.49883220370942"

         Var1 Freq     X  Freq.X       X2   Freq.X2
1   (56,62.8]   13 59.40  772.20 3528.360  45868.68
2 (62.8,69.7]   19 66.25 1258.75 4389.062  83392.19
3 (69.7,76.5]   29 73.10 2119.90 5343.610 154964.69
4 (76.5,83.3]   48 79.90 3835.20 6384.010 306432.48
5 (83.3,90.2]   30 86.75 2602.50 7525.562 225766.88
6   (90.2,97]   14 93.60 1310.40 8760.960 122653.44
[1] "Mean:  77.7709150326797"
[1] "Variance:  89.4517847836305"
[1] "Standard Deviation:  9.45789536755564"

         Var1 Freq     X  Freq.X       X2   Freq.X2
1   (56,61.9]   11 58.95  648.45 3475.103  38226.13
2 (61.9,67.7]   14 64.80  907.20 4199.040  58786.56
3 (67.7,73.6]   19 70.65 1342.35 4991.423  94837.03
4 (73.6,79.4]   36 76.50 2754.00 5852.250 210681.00
5 (79.4,85.3]   39 82.35 3211.65 6781.522 264479.38
6 (85.3,91.1]   22 88.20 1940.40 7779.240 171143.28
7   (91.1,97]   12 94.05 1128.60 8845.403 106144.83
[1] "Mean:  77.9911764705882"
[1] "Variance:  89.2600692041524"
[1] "Standard Deviation:  9.44775471761161"

         Var1 Freq     X  Freq.X       X2   Freq.X2
1   (56,61.1]   11 58.55  644.05 3428.102  37709.13
2 (61.1,66.2]   10 63.65  636.50 4051.323  40513.23
3 (66.2,71.4]   15 68.80 1032.00 4733.440  71001.60
4 (71.4,76.5]   25 73.95 1848.75 5468.603 136715.06
5 (76.5,81.6]   35 79.05 2766.75 6248.902 218711.59
6 (81.6,86.8]   30 84.20 2526.00 7089.640 212689.20
7 (86.8,91.9]   15 89.35 1340.25 7983.422 119751.34
8   (91.9,97]   12 94.45 1133.40 8920.802 107049.63
[1] "Mean:  77.9588235294118"
[1] "Variance:  93.2765397923858"
[1] "Standard Deviation:  9.6579780385123"

         Var1 Freq     X  Freq.X       X2   Freq.X2
1   (56,60.6]    8 58.30  466.40 3398.890  27191.12
2 (60.6,65.1]   10 62.85  628.50 3950.122  39501.22
3 (65.1,69.7]   14 67.40  943.60 4542.760  63598.64
4 (69.7,74.2]   16 71.95 1151.20 5176.803  82828.84
5 (74.2,78.8]   26 76.50 1989.00 5852.250 152158.50
6 (78.8,83.3]   35 81.05 2836.75 6569.102 229918.59
7 (83.3,87.9]   22 85.60 1883.20 7327.360 161201.92
8 (87.9,92.4]   15 90.15 1352.25 8127.023 121905.34
9   (92.4,97]    7 94.70  662.90 8968.090  62776.63
[1] "Mean:  77.8679738562091"
[1] "Variance:  87.4335494895131"
[1] "Standard Deviation:  9.35059086312267"

          Var1 Freq     X  Freq.X       X2   Freq.X2
1    (56,60.1]    8 58.05  464.40 3369.802  26958.42
2  (60.1,64.2]    8 62.15  497.20 3862.623  30900.98
3  (64.2,68.3]   13 66.25  861.25 4389.062  57057.81
4  (68.3,72.4]   10 70.35  703.50 4949.122  49491.22
5  (72.4,76.5]   22 74.45 1637.90 5542.803 121941.66
6  (76.5,80.6]   24 78.55 1885.20 6170.102 148082.46
7  (80.6,84.7]   29 82.65 2396.85 6831.023 198099.65
8  (84.7,88.8]   20 86.75 1735.00 7525.562 150511.25
9  (88.8,92.9]   12 90.85 1090.20 8253.722  99044.67
10   (92.9,97]    7 94.95  664.65 9015.503  63108.52
[1] "Mean:  78.0140522875817"
[1] "Variance:  91.5634790038039"
[1] "Standard Deviation:  9.56888076024589"

          Var1 Freq     X  Freq.X       X2   Freq.X2
1    (56,59.7]    8 57.85  462.80 3346.622  26772.98
2  (59.7,63.5]    6 61.60  369.60 3794.560  22767.36
3  (63.5,67.2]   11 65.35  718.85 4270.622  46976.85
4  (67.2,70.9]    8 69.05  552.40 4767.903  38143.22
5  (70.9,74.6]   15 72.75 1091.25 5292.562  79388.44
6  (74.6,78.4]   26 76.50 1989.00 5852.250 152158.50
7  (78.4,82.1]   31 80.25 2487.75 6440.062 199641.94
8  (82.1,85.8]   14 83.95 1175.30 7047.602  98666.43
9  (85.8,89.5]   17 87.65 1490.05 7682.523 130602.88
10 (89.5,93.3]   13 91.40 1188.20 8353.960 108601.48
11   (93.3,97]    4 95.15  380.60 9053.523  36214.09
[1] "Mean:  77.8156862745098"
[1] "Variance:  88.0795578623611"
[1] "Standard Deviation:  9.38507100997968"

          Var1 Freq     X  Freq.X       X2   Freq.X2
1    (56,59.4]    8 57.70  461.60 3329.290  26634.32
2  (59.4,62.8]    5 61.10  305.50 3733.210  18666.05
3  (62.8,66.2]    8 64.50  516.00 4160.250  33282.00
4  (66.2,69.7]   11 67.95  747.45 4617.203  50789.23
5  (69.7,73.1]   12 71.40  856.80 5097.960  61175.52
6  (73.1,76.5]   17 74.80 1271.60 5595.040  95115.68
7  (76.5,79.9]   19 78.20 1485.80 6115.240 116189.56
8  (79.9,83.3]   29 81.60 2366.40 6658.560 193098.24
9  (83.3,86.8]   17 85.05 1445.85 7233.502 122969.54
10 (86.8,90.2]   13 88.50 1150.50 7832.250 101819.25
11 (90.2,93.6]   10 91.90  919.00 8445.610  84456.10
12   (93.6,97]    4 95.30  381.20 9082.090  36328.36
[1] "Mean:  77.8281045751634"
[1] "Variance:  90.0008441197833"
[1] "Standard Deviation:  9.48687746941971"

          Var1 Freq     X  Freq.X       X2   Freq.X2
1    (56,59.2]    8 57.60  460.80 3317.760  26542.08
2  (59.2,62.3]    5 60.75  303.75 3690.562  18452.81
3  (62.3,65.5]    5 63.90  319.50 4083.210  20416.05
4  (65.5,68.6]   11 67.05  737.55 4495.702  49452.73
5  (68.6,71.8]    7 70.20  491.40 4928.040  34496.28
6  (71.8,74.9]   12 73.35  880.20 5380.222  64562.67
7  (74.9,78.1]   26 76.50 1989.00 5852.250 152158.50
8  (78.1,81.2]   22 79.65 1752.30 6344.123 139570.70
9  (81.2,84.4]   18 82.80 1490.40 6855.840 123405.12
10 (84.4,87.5]   17 85.95 1461.15 7387.403 125585.84
11 (87.5,90.7]    8 89.10  712.80 7938.810  63510.48
12 (90.7,93.8]   10 92.25  922.50 8510.062  85100.62
13   (93.8,97]    4 95.40  381.60 9101.160  36404.64
[1] "Mean:  77.7970588235294"
[1] "Variance:  89.1766089965404"
[1] "Standard Deviation:  9.44333675119872"

          Var1 Freq     X  Freq.X       X2   Freq.X2
1    (56,58.9]    6 57.45  344.70 3300.503  19803.02
2  (58.9,61.9]    5 60.40  302.00 3648.160  18240.80
3  (61.9,64.8]    5 63.35  316.75 4013.222  20066.11
4  (64.8,67.7]    9 66.25  596.25 4389.062  39501.56
5  (67.7,70.6]    8 69.15  553.20 4781.723  38253.78
6  (70.6,73.6]   11 72.10  793.10 5198.410  57182.51
7  (73.6,76.5]   17 75.05 1275.85 5632.502  95752.54
8  (76.5,79.4]   19 77.95 1481.05 6076.203 115447.85
9  (79.4,82.4]   25 80.90 2022.50 6544.810 163620.25
10 (82.4,85.3]   14 83.85 1173.90 7030.822  98431.51
11 (85.3,88.2]   15 86.75 1301.25 7525.562 112883.44
12 (88.2,91.1]    7 89.65  627.55 8037.123  56259.86
13 (91.1,94.1]   10 92.60  926.00 8574.760  85747.60
14   (94.1,97]    2 95.55  191.10 9129.802  18259.60
[1] "Mean:  77.8117647058824"
[1] "Variance:  85.5281949250284"
[1] "Standard Deviation:  9.2481454857192"

          Var1 Freq     X  Freq.X       X2   Freq.X2
1    (56,58.7]    6 57.35  344.10 3289.023  19734.14
2  (58.7,61.5]    5 60.10  300.50 3612.010  18060.05
3  (61.5,64.2]    5 62.85  314.25 3950.123  19750.61
4  (64.2,66.9]    5 65.55  327.75 4296.803  21484.01
5  (66.9,69.7]   11 68.30  751.30 4664.890  51313.79
6  (69.7,72.4]    7 71.05  497.35 5048.103  35336.72
7  (72.4,75.1]   13 73.75  958.75 5439.062  70707.81
8  (75.1,77.9]   16 76.50 1224.00 5852.250  93636.00
9  (77.9,80.6]   17 79.25 1347.25 6280.562 106769.56
10 (80.6,83.3]   24 81.95 1966.80 6715.802 161179.26
11 (83.3,86.1]   17 84.70 1439.90 7174.090 121959.53
12 (86.1,88.8]    8 87.45  699.60 7647.502  61180.02
13 (88.8,91.5]    7 90.15  631.05 8127.023  56889.16
14 (91.5,94.3]   10 92.90  929.00 8630.410  86304.10
15   (94.3,97]    2 95.65  191.30 9148.923  18297.85
[1] "Mean:  77.9274509803922"
[1] "Variance:  88.1137235678589"
[1] "Standard Deviation:  9.38689104910986"

          Var1 Freq     X  Freq.X       X2   Freq.X2
1    (56,58.6]    6 57.30  343.80 3283.290  19699.74
2  (58.6,61.1]    5 59.85  299.25 3582.023  17910.11
3  (61.1,63.7]    3 62.40  187.20 3893.760  11681.28
4  (63.7,66.2]    7 64.95  454.65 4218.503  29529.52
5  (66.2,68.8]    8 67.50  540.00 4556.250  36450.00
6  (68.8,71.4]    7 70.10  490.70 4914.010  34398.07
7  (71.4,73.9]    8 72.65  581.20 5278.023  42224.18
8  (73.9,76.5]   17 75.20 1278.40 5655.040  96135.68
9  (76.5,79.1]   19 77.80 1478.20 6052.840 115003.96
10 (79.1,81.6]   16 80.35 1285.60 6456.122 103297.96
11 (81.6,84.2]   18 82.90 1492.20 6872.410 123703.38
12 (84.2,86.8]   12 85.50 1026.00 7310.250  87723.00
13 (86.8,89.3]   10 88.05  880.50 7752.802  77528.02
14 (89.3,91.9]    5 90.60  453.00 8208.360  41041.80
15 (91.9,94.4]   10 93.15  931.50 8676.923  86769.23
16   (94.4,97]    2 95.70  191.40 9158.490  18316.98
[1] "Mean:  77.8666666666667"
[1] "Variance:  89.8077777777771"
[1] "Standard Deviation:  9.47669656461455"

          Var1 Freq     X  Freq.X       X2   Freq.X2
1    (56,58.4]    6 57.20  343.20 3271.840  19631.04
2  (58.4,60.8]    2 59.60  119.20 3552.160   7104.32
3  (60.8,63.2]    6 62.00  372.00 3844.000  23064.00
4  (63.2,65.6]    4 64.40  257.60 4147.360  16589.44
5  (65.6,68.1]   11 66.85  735.35 4468.922  49158.15
6  (68.1,70.5]    4 69.30  277.20 4802.490  19209.96
7  (70.5,72.9]    6 71.70  430.20 5140.890  30845.34
8  (72.9,75.3]   13 74.10  963.30 5490.810  71380.53
9  (75.3,77.7]   16 76.50 1224.00 5852.250  93636.00
10 (77.7,80.1]   17 78.90 1341.30 6225.210 105828.57
11 (80.1,82.5]   20 81.30 1626.00 6609.690 132193.80
12 (82.5,84.9]    9 83.70  753.30 7005.690  63051.21
13 (84.9,87.4]   17 86.15 1464.55 7421.823 126170.98
14 (87.4,89.8]    5 88.60  443.00 7849.960  39249.80
15 (89.8,92.2]   10 91.00  910.00 8281.000  82810.00
16 (92.2,94.6]    5 93.40  467.00 8723.560  43617.80
17   (94.6,97]    2 95.80  191.60 9177.640  18355.28
[1] "Mean:  77.9006535947712"
[1] "Variance:  87.6726139518987"
[1] "Standard Deviation:  9.36336552484729"

          Var1 Freq     X  Freq.X       X2    Freq.X2
1    (56,58.3]    6 57.15  342.90 3266.122  19596.735
2  (58.3,60.6]    2 59.45  118.90 3534.303   7068.605
3  (60.6,62.8]    5 61.70  308.50 3806.890  19034.450
4  (62.8,65.1]    5 63.95  319.75 4089.602  20448.012
5  (65.1,67.4]    7 66.25  463.75 4389.062  30723.438
6  (67.4,69.7]    7 68.55  479.85 4699.103  32893.718
7  (69.7,71.9]    4 70.80  283.20 5012.640  20050.560
8  (71.9,74.2]   12 73.05  876.60 5336.303  64035.630
9  (74.2,76.5]   13 75.35  979.55 5677.622  73809.092
10 (76.5,78.8]   13 77.65 1009.45 6029.523  78383.793
11 (78.8,81.1]   22 79.95 1758.90 6392.002 140624.055
12 (81.1,83.3]   13 82.20 1068.60 6756.840  87838.920
13 (83.3,85.6]   10 84.45  844.50 7131.802  71318.025
14 (85.6,87.9]   12 86.75 1041.00 7525.562  90306.750
15 (87.9,90.2]    8 89.05  712.40 7929.903  63439.220
16 (90.2,92.4]    7 91.30  639.10 8335.690  58349.830
17 (92.4,94.7]    5 93.55  467.75 8751.603  43758.013
18   (94.7,97]    2 95.85  191.70 9187.222  18374.445
[1] "Mean:  77.8196078431372"
[1] "Variance:  88.2477854671297"
[1] "Standard Deviation:  9.39402924559689"

          Var1 Freq     X  Freq.X       X2    Freq.X2
1    (56,58.2]    6 57.10  342.60 3260.410  19562.460
2  (58.2,60.3]    2 59.25  118.50 3510.562   7021.125
3  (60.3,62.5]    5 61.40  307.00 3769.960  18849.800
4  (62.5,64.6]    3 63.55  190.65 4038.602  12115.807
5  (64.6,66.8]    5 65.70  328.50 4316.490  21582.450
6  (66.8,68.9]    8 67.85  542.80 4603.622  36828.980
7  (68.9,71.1]    7 70.00  490.00 4900.000  34300.000
8  (71.1,73.3]    8 72.20  577.60 5212.840  41702.720
9  (73.3,75.4]    8 74.35  594.80 5527.922  44223.380
10 (75.4,77.6]   16 76.50 1224.00 5852.250  93636.000
11 (77.6,79.7]   12 78.65  943.80 6185.823  74229.870
12 (79.7,81.9]   16 80.80 1292.80 6528.640 104458.240
13 (81.9,84.1]   18 83.00 1494.00 6889.000 124002.000
14 (84.1,86.2]   12 85.15 1021.80 7250.523  87006.270
15 (86.2,88.4]    8 87.30  698.40 7621.290  60970.320
16 (88.4,90.5]    5 89.45  447.25 8001.303  40006.513
17 (90.5,92.7]    7 91.60  641.20 8390.560  58733.920
18 (92.7,94.8]    5 93.75  468.75 8789.062  43945.312
19   (94.8,97]    2 95.90  191.80 9196.810  18393.620
[1] "Mean:  77.8839869281046"
[1] "Variance:  88.1289429279341"
[1] "Standard Deviation:  9.38770168507362"

          Var1 Freq     X  Freq.X       X2    Freq.X2
1      (56,58]    6 57.00  342.00 3249.000  19494.000
2    (58,60.1]    2 59.05  118.10 3486.902   6973.805
3  (60.1,62.1]    5 61.10  305.50 3733.210  18666.050
4  (62.1,64.2]    3 63.15  189.45 3987.923  11963.768
5  (64.2,66.2]    5 65.20  326.00 4251.040  21255.200
6  (66.2,68.3]    8 67.25  538.00 4522.562  36180.500
7  (68.3,70.3]    4 69.30  277.20 4802.490  19209.960
8  (70.3,72.4]    6 71.35  428.10 5090.822  30544.935
9  (72.4,74.5]    9 73.45  661.05 5394.903  48554.122
10 (74.5,76.5]   13 75.50  981.50 5700.250  74103.250
11 (76.5,78.5]   13 77.50 1007.50 6006.250  78081.250
12 (78.5,80.6]   11 79.55  875.05 6328.202  69610.227
13 (80.6,82.7]   20 81.65 1633.00 6666.723 133334.450
14 (82.7,84.7]    9 83.70  753.30 7005.690  63051.210
15 (84.7,86.8]   12 85.75 1029.00 7353.062  88236.750
16 (86.8,88.8]    8 87.80  702.40 7708.840  61670.720
17 (88.8,90.8]    5 89.80  449.00 8064.040  40320.200
18 (90.8,92.9]    7 91.85  642.95 8436.422  59054.957
19 (92.9,94.9]    5 93.90  469.50 8817.210  44086.050
20   (94.9,97]    2 95.95  191.90 9206.403  18412.805
[1] "Mean:  77.9117647058823"
[1] "Variance:  91.8759400230692"
[1] "Standard Deviation:  9.58519379162828"

